(0 13 12)(1 25 23)(2 26 4)(3 7 5)(6 10 8)(9 14 11)(15 18 16)(17 21 19)(20 24 22)
(0 13 12)(1 25 3)(2 6 4)(5 9 7)(8 14 10)(11 17 15)(16 20 18)(19 23 21)(22 26 24)
(0 14 13)(1 5 3)(2 26 24)(4 8 6)(7 11 9)(10 15 12)(16 19 18)(17 22 20)(21 25 23)
(0 21 1)(2 6 4)(3 26 23)(5 9 7)(8 12 10)(11 15 13)(14 18 16)(17 22 20)(19 25 24)
(0 21 2)(1 5 3)(4 10 8)(6 19 7)(9 13 11)(12 17 15)(14 23 22)(16 20 18)
(0 21 2)(1 5 3)(4 9 7)(6 16 15)(8 13 10)(11 23 12)(14 19 17)(18 22 20)
(0 22 1)(2 23 4)(3 8 5)(6 11 9)(7 20 19)(10 14 12)(13 17 15)(16 21 18)
(0 22 19)(1 23 4)(2 7 5)(3 17 16)(6 11 8)(9 21 20)(10 14 12)(13 18 15)
(0 22 19)(1 23 5)(2 8 6)(3 16 4)(7 11 9)(10 14 12)(13 17 15)(18 21 20)
(0 22 2)(1 6 4)(3 15 14)(5 9 7)(8 12 10)(11 16 13)(17 20 19)(18 23 21)
(0 22 20)(1 23 2)(3 8 6)(4 18 5)(7 11 9)(10 14 12)(13 17 15)(16 21 19)
(0 22 20)(1 23 3)(2 7 4)(5 9 6)(8 12 11)(10 15 13)(14 18 16)(17 21 19)
(0 22 20)(1 23 3)(2 7 5)(4 14 13)(6 11 8)(9 19 10)(12 17 15)(16 21 18)
(0 22 20)(1 23 4)(2 7 3)(5 9 6)(8 12 10)(11 15 13)(14 18 16)(17 21 19)
(0 22 20)(1 24 3)(2 6 4)(5 9 7)(8 12 10)(11 15 13)(14 18 16)(17 21 19)(23 26 25)
(0 22 20)(1 6 4)(2 18 3)(5 11 7)(8 14 12)(9 23 10)(13 17 15)(16 21 19)
(0 22 4)(1 16 2)(3 7 5)(6 10 8)(9 14 12)(11 20 19)(13 17 15)(18 23 21)
(0 23 10)(1 22 20)(2 7 5)(3 17 4)(6 11 8)(9 14 12)(13 18 15)(16 21 19)
(0 23 12)(1 5 3)(2 22 20)(4 9 6)(7 10 8)(11 15 13)(14 18 16)(17 21 19)
(0 23 2)(1 5 3)(4 9 6)(7 10 8)(11 15 13)(12 25 24)(14 18 16)(17 21 19)(20 26 22)
(0 24 2)(1 5 3)(4 9 6)(7 10 8)(11 16 14)(12 25 13)(15 19 17)(18 22 20)(21 26 23)
(0 24 3)(1 4 2)(5 10 8)(6 26 7)(9 13 11)(12 16 14)(15 19 17)(18 22 20)(21 25 23)
(0 25 2)(1 5 3)(4 7 6)(8 11 10)(9 14 12)(13 17 15)(16 20 18)(19 23 21)(22 26 24)
(0 25 2)(1 5 3)(4 8 6)(7 11 9)(10 14 12)(13 17 15)(16 20 19)(18 23 22)(21 26 24)
(0 25 2)(1 5 3)(4 8 6)(7 11 9)(10 16 13)(12 19 18)(14 21 15)(17 23 20)(22 26 24)
(0 25 2)(1 6 3)(4 20 5)(7 10 9)(8 13 11)(12 16 14)(15 19 17)(18 23 21)(22 26 24)
(0 25 23)(1 26 3)(2 6 4)(5 9 7)(8 15 12)(10 18 11)(13 16 14)(17 21 19)(20 24 22)
(0 25 23)(1 26 3)(2 8 6)(4 18 5)(7 11 9)(10 15 12)(13 16 14)(17 21 19)(20 24 22)
(0 25 4)(1 15 2)(3 7 5)(6 10 8)(9 13 11)(12 17 14)(16 20 18)(19 23 21)(22 26 24)
(0 26 13)(1 25 23)(2 5 3)(4 8 6)(7 11 9)(10 15 12)(14 18 16)(17 21 19)(20 24 22)
(0 26 3)(1 25 23)(2 6 5)(4 9 7)(8 12 10)(11 15 13)(14 18 16)(17 21 19)(20 24 22)
(0 28 2)(1 5 3)(4 8 6)(7 11 9)(10 15 12)(13 18 14)(16 20 19)(17 23 21)(22 26 24)(25 29 27)
(0 3 1)(2 29 27)(4 7 6)(5 10 8)(9 13 11)(12 16 14)(15 19 17)(18 22 20)(21 25 23)(24 28 26)
(0 3 2)(1 29 27)(4 7 6)(5 10 8)(9 13 11)(12 16 14)(15 19 17)(18 22 20)(21 25 23)(24 28 26)
(0 4 1)(2 29 27)(3 7 6)(5 10 8)(9 13 11)(12 16 14)(15 19 17)(18 22 20)(21 25 23)(24 28 26)
(0 4 2)(1 23 20)(3 6 5)(7 12 10)(8 21 9)(11 15 13)(14 18 16)(17 22 19)
(0 4 2)(1 23 20)(3 7 5)(6 10 8)(9 13 11)(12 17 14)(15 18 16)(19 22 21)
(0 4 2)(1 23 21)(3 7 5)(6 10 8)(9 13 11)(12 15 14)(16 19 18)(17 22 20)
(0 4 2)(1 23 21)(3 7 5)(6 17 16)(8 11 10)(9 14 12)(13 19 15)(18 22 20)
(0 4 2)(1 26 24)(3 19 18)(5 8 7)(6 11 9)(10 14 12)(13 17 15)(16 22 20)(21 25 23)
(0 4 2)(1 26 24)(3 7 5)(6 10 8)(9 13 11)(12 17 14)(15 19 18)(16 22 20)(21 25 23)
(0 4 2)(1 29 27)(3 7 5)(6 10 8)(9 13 11)(12 16 14)(15 20 19)(17 22 21)(18 25 23)(24 28 26)
(0 4 2)(1 29 27)(3 8 5)(6 13 7)(9 12 11)(10 16 14)(15 19 17)(18 22 20)(21 25 23)(24 28 26)
(0 4 3)(1 29 27)(2 7 6)(5 10 8)(9 13 11)(12 16 14)(15 19 17)(18 22 20)(21 25 23)(24 28 26)
(0 5 2)(1 26 24)(3 11 4)(6 9 7)(8 13 10)(12 16 14)(15 19 17)(18 22 20)(21 25 23)
(0 5 2)(1 26 24)(3 6 4)(7 10 9)(8 13 11)(12 16 14)(15 19 17)(18 22 20)(21 25 23)
(0 5 2)(1 26 24)(3 7 4)(6 10 8)(9 13 11)(12 16 14)(15 19 17)(18 22 20)(21 25 23)
(0 5 3)(1 16 2)(4 9 6)(7 12 10)(8 22 21)(11 15 13)(14 19 17)(18 23 20)
(0 5 3)(1 23 2)(4 9 6)(7 21 20)(8 12 10)(11 15 13)(14 18 16)(17 22 19)
(0 7 2)(1 29 27)(3 10 4)(5 8 6)(9 13 11)(12 16 14)(15 19 17)(18 22 20)(21 25 23)(24 28 26)
